22
 250 100  1 10 -1
 350 200  0 10 2 8 3 5 4 11 -1
 550 125  1 8 5 7 -1
 250 300  1 5 4 3 20 12 -1
 500 325  1 11 3 3 5 8 11 2 20 7 21 7 -1
 700 200  2 7 4 8 7 1 -1
 950 250  7 2 8 3 -1
 800 325  5 1 6 2 11 5 -1
1025 375  6 3 9 3 10 6 -1
1175 375  8 3 -1
 950 525  8 6 12 2 -1
 650 425  4 2 7 5 12 4 -1
 750 550  10 2 11 4 14 9 -1
 550 550  14 8 -1
 475 650  12 9 13 8 15 11 18 20 21 12 -1
 325 725  14 11 16 3 17 2 -1
 150 800  15 3 17 2 -1
 100 775  15 2 18 7 -1
 250 675  14 20 17 7 19 13 -1
  50 625  18 13 20 3 -1
 200 525  3 12 4 7 19 3 21 5 -1
 400 575  4 7 14 12 20 5 -1

